version https://git-lfs.github.com/spec/v1
oid sha256:573c45663cc8ee4a72c60dfaae3b7aa8fb47b155bde15a262f9aa7e6cbcd5ef2
size 174049
