version https://git-lfs.github.com/spec/v1
oid sha256:7359135a7dd17e3f9e6e70b1db509b29aae7cfb8d50634716a2d26ed54ecd54d
size 34884
